133.66422
318.64145
448.66614
307.9007
540.8265
179.90164
249.61058
189.61029
403.41815
353.77478
382.55896
178.18869
508.0402
352.83328
685.8542
640.8858
506.30487
580.69196
283.01514
422.34567
322.109
274.75354
727.4186
508.6652
441.4161
270.5451
672.68854
684.48926
495.92554
125.66868
691.62946
604.98175
602.67303
527.86957
683.2633
493.01953
278.20557
313.37268
534.8163
140.00105
697.9563
132.42477
410.8676
561.1842
467.83978
222.89449
147.28287
458.22058
404.993
360.3198
338.64493
684.21436
144.4853
583.50183
615.0642
487.0634
685.71124
280.74832
551.983
169.7534
543.9362
286.17874
700.6815
482.23123
353.09552
232.596
599.4474
707.5498
629.33026
226.87079
136.59991
176.96295
159.93486
735.282
522.2548
692.6318
682.48566
100.81036
203.30579
405.06482
409.03912
125.339836
660.0551
294.39923
372.2587
198.07155
126.66211
178.2838
282.6468
160.37044
634.02106
370.5692
214.67091
107.76387
202.75099
179.59793
365.67468
207.27293
698.54266
557.2102
148.77136
250.92172
465.55057
259.86353
694.58325
680.8403
148.2567
708.69604
678.3164
431.23917
131.90717
286.10413
739.2735
181.58022
563.11755
361.12436
466.27457
142.92557
373.8488
192.02492
362.11612
236.13756
146.99638
249.83498
448.3015
151.54765
580.2065
353.59338
433.43045
612.7013
243.41849
319.54654
512.3136
513.7329
353.1606
711.015
700.2284
720.41113
565.8081
149.36067
324.8958
558.3247
680.96454
130.98315
553.38306
369.633
452.00626
387.7917
399.62604
133.58078
279.14813
482.23767
331.7587
219.53719
698.12445
190.68414
522.3678
608.3769
650.14435
157.6447
730.25214
226.10014
447.1685
223.5987
600.30676
134.20238
501.40234
721.6196
401.91025
438.62405
222.3698
176.76822
146.45253
463.09302
481.74408
165.67534
572.02673
228.36288
698.3159
558.7
550.3472
292.83978
482.16068
117.577065
550.5301
495.2868
511.36612
523.9058
556.07947
417.08548
617.7098
602.1965
455.2355
347.77496
520.0651
616.29504
530.8772
364.39948
563.59937
318.8215
552.0221
448.62512
216.35591
604.5052
498.32083
288.4196
735.0849
312.35672
149.1008
486.14362
495.35333
450.2851
201.44826
498.3798
736.95984
129.36548
254.85939
658.0784
463.91727
295.51425
465.2357
414.9826
290.78464
241.89793
511.1542
348.66583
123.11395
714.71387
632.2629
122.81929
335.92453
120.38379
689.6558
666.0771
115.87347
685.6385
687.09503
324.33228
294.00134
555.2536
242.44704
397.9699
218.37346
258.52304
695.9755
558.8512
536.75165
172.02678
311.45154
118.07993
554.53235
705.0893
608.7303
667.10547
525.65845
561.39154
122.61604
284.11725
304.91138
665.9448
647.37885
174.59471
646.8159
314.36823
573.0816
650.33344
510.77368
740.7794
114.037865
143.46568
383.1414
424.992
592.00616
411.93558
326.15033
373.64764
117.37517
284.17044
232.91112
128.68602
437.43582
288.0522
494.78738
553.57025
516.3154
510.55908
334.184
315.9445
645.3818
255.95645
709.46625
506.74664
360.6436
273.46606
567.5703
129.57956
726.2748
614.24603
494.23276
462.50632
176.85426
593.51483
605.53644
262.02417
739.91724
237.10822
243.1641
552.1184
182.66714
219.52722
259.66486
688.2272
704.72034
479.37885
241.56662
713.06287
154.37851
684.1802
232.5063
398.57144
652.2374
282.66125
156.24501
335.9423
226.07103
183.62758
207.36617
314.71265
673.2673
135.4589
428.3529
654.57587
292.2939
704.5153
359.34863
166.83519
155.65526
406.78864
637.52484
472.47226
258.9124
336.51608
311.52316
129.08215
593.69354
657.25684
290.7346
123.11531
608.6479
432.77112
111.07504
172.05418
328.6216
541.9963
188.05841
445.2589
593.6844
143.95232
138.58347
388.23627
555.21533
735.16235
471.0094
156.46751
289.61194
179.11812
697.9511
170.01038
730.0199
629.93726
182.88362
160.15501
154.38431
636.77545
528.8225
387.85657
368.075
237.37473
211.5063
385.376
387.48135
328.83502
286.19363
683.211
256.8814
222.39282
192.30861
358.89575
574.49805
606.8
180.81778
727.5979
383.98193
424.96637
203.48976
670.32385
375.09296
293.54068
583.8377
128.96754
143.18532
563.011
710.0911
141.02605
433.17297
696.1377
718.6268
319.68085
506.81293
476.57486
334.81906
339.47897
689.9247
643.1846
170.77048
150.48485
669.97253
657.6835
726.23
156.83888
347.07697
723.1147
295.67453
423.31085
699.9227
619.2435
683.2166
255.6889
184.02065
293.27902
722.194
174.86603
484.88406
365.9578
359.78586
441.48596
626.4073
531.91986
544.0679
416.57333
495.3021
508.1576
448.6902
229.09686
473.4074
678.1923
175.77762
506.21997
556.3729
579.4267
325.0511
137.9866
441.50705
674.0231
589.2581
473.33328
564.54614
188.77267
705.8546
515.3007
225.13593
703.88055
392.57834
378.33066
489.51712
509.74036
398.27786
218.90431
155.6234
121.68222
261.43097
514.8306
291.3697
409.66937
449.91992
503.39362
224.07787
265.2456
133.52956
275.97882
740.5967
184.09406
261.4489
667.90607
398.7628
161.8624
426.1096
703.35614
286.7349
468.78183
649.9026
705.5507
555.57074
149.41908
699.48615
725.64886
178.73326
741.51556
654.16565
451.22607
160.70164
184.87387
459.8944
379.06885
333.6224
663.7802
685.4251
727.5048
410.85025
243.94261
160.13538
147.453
433.07083
115.573456
277.5119
217.16359
297.61267
125.20326
338.57285
351.155
607.355
471.58307
199.34763
373.2225
392.08908
330.89252
390.20685
190.23347
228.85678
538.2429
248.78577
583.1428
483.11865
227.77312
408.1352
534.8946
388.7144
633.76965
460.29776
335.7911
531.87354
343.93887
434.27695
174.49776
284.9058
498.02023
533.51483
427.1251
683.19495
152.59312
300.8073
204.3911
529.5546
370.0391
106.97001
292.72086
261.28275
674.771
717.51447
309.8502
218.20929
326.89566
572.75104
726.736
493.28494
395.11893
182.76076
665.34894
605.03253
385.1767
107.37635
131.9939
524.5101
648.7016
625.1536
517.0163
131.90779
684.64215
421.90576
547.2112
283.34235
585.3505
381.0203
134.36995
277.96103
422.57764
365.23373
200.75761
378.14908
224.27405
197.94672
212.17848
204.55318
190.95978
384.47174
144.2011
677.1329
578.8648
579.8336
707.64636
581.4809
275.15033
185.54562
385.74402
339.7104
682.75146
643.58606
281.29932
454.1146
599.1489
641.2912
222.65356
285.55988
324.16043
683.2218
219.16095
594.7738
200.49644
348.89822
484.6042
418.9279
682.7107
356.60223
180.72359
377.1877
503.48904
525.51056
631.7482
636.357
689.53845
462.07178
661.9292
627.1649
187.5329
394.33496
585.21216
521.72974
196.21582
518.23004
692.9682
659.08417
420.25717
244.07518
301.8512
633.2244
268.05453
170.4584
329.11108
454.57498
355.3996
686.2038
213.42906
296.0386
390.57407
361.86002
359.64746
133.84715
607.3228
192.0187
360.90887
466.6239
181.66904
235.71214
315.38
247.60115
599.4686
105.264595
454.62485
511.03946
390.9347
316.99683
123.377945
737.1063
273.54193
718.88165
335.95035
351.98172
159.56248
595.88806
522.9647
520.17126
328.37845
563.8807
502.95847
312.00607
293.10995
368.3336
591.80963
702.85315
601.88434
352.03152
703.5242
675.5752
222.57574
513.26776
571.10754
364.0549
309.82394
602.47485
741.361
207.13663
317.09448
432.0299
148.73424
139.65994
178.76314
535.81714
261.08844
284.1274
711.6525
303.18408
185.9391
361.09143
290.39725
139.58533
315.09384
623.6659
386.608
539.28674
686.86456
109.229774
604.3181
234.11499
449.00363
686.53534
115.356384
374.99164
250.69348
311.45016
141.80971
278.35513
438.30615
493.5315
434.85303
252.94618
206.41988
267.24335
168.44666
196.03148
489.25
592.8641
152.27473
116.71251
688.4341
130.74895
400.47665
317.1933
277.6748
515.8289
163.31296
587.74115
332.94
302.8937
442.70685
202.98515
509.56094
545.8821
630.91034
222.69453
310.41272
295.5142
291.56915
484.40527
282.57498
587.22614
722.88586
495.0659
369.48416
392.06696
472.39917
344.16617
288.8373
150.4577
168.70508
388.52823
733.85486
514.1835
318.98395
496.37637
267.78363
488.18515
705.2974
180.36397
701.9674
513.98627
201.29457
337.3795
528.3842
224.40578
473.7491
319.73917
126.1284
356.21106
226.36032
122.0235
339.4274
660.09735
577.7199
611.9016
638.7307
529.3074
429.14957
371.83224
197.47998
511.36166
726.003
128.98944
243.0175
337.2456
184.01363
123.201744
316.68637
320.54944
118.22213
222.94078
231.83818
146.40005
257.32977
499.85742
696.5332
501.08566
204.14403
382.17868
194.6053
314.5894
178.32587
443.4609
257.64673
482.15933
248.32286
360.7215
255.61359
597.9243
329.16638
509.98447
406.454
485.12003
335.11816
415.99582
619.1365
328.26462
368.91736
680.56683
485.61224
668.00354
400.44897
422.6438
619.2178
382.7054
358.77225
485.05075
682.39575
174.27138
387.12546
136.10521
421.18695
323.7623
662.80634
190.64708
280.44812
579.57434
396.1102
368.70724
321.35605
176.7048
378.89975
632.14
552.7738
137.66785
544.72986
584.6144
248.83275
129.92027
665.28644
464.7336
714.5288
432.40384
682.27
567.7094
715.2766
616.79333
707.31555
670.0105
350.90515
256.39584
725.7785
316.4359
270.1413
384.67722
571.04443
155.96571
267.96484
725.02576
194.45074
541.9084
357.24298
197.13466
175.95782
637.6136
718.6119
191.04085
520.42236
381.36984
718.7893
536.9151
365.3484
338.70993
481.4767
421.48776
525.68317
726.1718
240.52365
725.5592
491.75348
613.99445
156.30975
144.03972
378.65552
318.5344
481.84528
591.38403
279.56485
175.17816
721.79816
639.2991
628.1293
486.76913
486.56326
322.82474
456.08325
329.95013
345.4174
371.06116
614.7648
578.6968
493.32745
523.6732
136.31256
716.2348
561.5254
713.5329
177.20227
721.55005
296.9234
351.04822
344.71405
198.1266
177.56615
561.70667
488.6898
371.94965
545.94135
167.68391
290.77252
602.42554
278.97708
318.36774
435.71405
565.4621
543.91956
135.39372
333.92224
459.963
393.55072
433.9072
518.0829
184.29782
380.84933
397.1645
713.4378
735.64154
538.3474
255.82521
549.64764
274.38907
487.3214
607.0243
274.86353
727.14343
489.4669
241.22389
169.8454
176.91241
432.3124
462.21918
378.11505
438.57486
446.62183
129.10324
372.10947
587.6818
566.50946
193.5146
341.905
169.05785
300.94992
112.54373
630.8317
589.31854
437.3182
